 1000
 718
 754
 858
 860
 595
 422
 9
 93
 570
 964
 533
 493
 347
 839
 557
 389
 945
 601
 847
 992
 998
 591
 460
 262
 472
 559
 980
 691
 52
 835
 674
 502
 685
 936
 21
 868
 537
 43
 375
 226
 366
 25
 977
 76
 246
 517
 31
 544
 563
 575
 578
 663
 40
 111
 34
 363
 112
 939
 90
 817
 134
 416
 923
 116
 503
 963
 792
 29
 946
 115
 671
 189
 143
 585
 28
 318
 733
 577
 895
 525
 172
 275
 747
 350
 962
 670
 400
 344
 385
 82
 468
 398
 672
 108
 279
 686
 779
 643
 514
 434
 613
 336
 269
 532
 782
 869
 924
 56
 694
 210
 781
 573
 273
 717
 308
 146
 912
 240
 874
 245
 178
 437
 508
 202
 285
 826
 509
 813
 806
 676
 239
 736
 12
 193
 330
 696
 527
 357
 352
 220
 538
 272
 170
 700
 628
 906
 144
 188
 408
 222
 523
 574
 1
 731
 444
 748
 399
 586
 169
 552
 388
 17
 519
 54
 989
 771
 985
 850
 380
 351
 358
 849
 712
 836
 430
 67
 466
 706
 290
 608
 301
 843
 683
 321
 104
 634
 619
 565
 516
 627
 507
 920
 614
 877
 810
 908
 233
 921
 768
 216
 62
 637
 981
 550
 161
 750
 778
 97
 983
 498
 91
 70
 282
 71
 14
 149
 92
 253
 951
 709
 848
 75
 512
 785
 531
 243
 506
 221
 751
 819
 127
 820
 414
 265
 405
 259
 616
 682
 526
 799
 306
 916
 729
 453
 561
 654
 123
 165
 176
 478
 651
 95
 264
 853
 941
 298
 99
 821
 402
 761
 935
 314
 630
 829
 940
 65
 956
 971
 349
 592
 185
 832
 652
 152
 80
 690
 823
 13
 136
 442
 818
 862
 421
 522
 406
 588
 457
 902
 483
 284
 445
 492
 795
 157
 715
 228
 927
 364
 695
 238
 808
 871
 991
 439
 124
 786
 755
 473
 615
 486
 714
 293
 397
 328
 719
 81
 296
 762
 623
 866
 841
 845
 23
 404
 412
 235
 661
 997
 938
 873
 191
 590
 789
 313
 505
 280
 126
 333
 428
 464
 543
 606
 598
 890
 697
 5
 774
 141
 966
 266
 359
 156
 607
 752
 211
 327
 474
 594
 656
 587
 69
 693
 204
 596
 331
 447
 766
 955
 129
 773
 424
 355
 218
 322
 571
 825
 499
 485
 61
 583
 110
 147
 15
 515
 880
 664
 26
 277
 976
 667
 8
 907
 707
 828
 494
 684
 961
 10
 435
 268
 549
 742
 242
 511
 461
 886
 484
 77
 698
 753
 249
 896
 286
 217
 846
 816
 449
 160
 487
 968
 19
 723
 394
 931
 722
 448
 33
 675
 305
 560
 118
 903
 922
 258
 317
 205
 182
 255
 310
 764
 209
 780
 987
 603
 867
 662
 16
 339
 32
 659
 309
 770
 261
 225
 542
 944
 721
 101
 934
 804
 878
 78
 237
 53
 130
 427
 128
 38
 926
 391
 219
 639
 918
 36
 620
 622
 510
 870
 618
 893
 891
 724
 741
 291
 292
 276
 974
 85
 635
 972
 633
 463
 345
 703
 524
 624
 535
 704
 119
 171
 3
 679
 329
 168
 289
 897
 392
 24
 122
 207
 456
 361
 423
 260
 199
 454
 300
 107
 353
 368
 187
 876
 384
 480
 299
 541
 401
 367
 796
 224
 793
 556
 488
 201
 582
 244
 996
 950
 609
 528
 626
 471
 513
 958
 746
 737
 767
 665
 911
 655
 35
 132
 809
 174
 252
 990
 827
 181
 121
 954
 22
 295
 281
 446
 865
 629
 482
 831
 605
 342
 889
 319
 521
 125
 838
 491
 420
 372
 470
 137
 568
 787
 200
 604
 312
 195
 844
 142
 649
 658
 621
 479
 370
 59
 51
 341
 153
 530
 775
 403
 234
 307
 415
 910
 887
 942
 162
 173
 617
 738
 547
 745
 805
 323
 765
 46
 854
 801
 326
 959
 365
 450
 297
 338
 677
 999
 529
 720
 518
 743
 102
 208
 599
 842
 18
 589
 855
 863
 815
 7
 497
 87
 419
 158
 6
 837
 475
 179
 251
 320
 186
 58
 699
 458
 490
 155
 875
 105
 757
 231
 395
 11
 794
 688
 452
 969
 861
 732
 555
 267
 247
 822
 636
 489
 851
 44
 393
 937
 362
 783
 94
 74
 814
 303
 440
 2
 376
 373
 928
 740
 579
 680
 417
 37
 702
 311
 501
 913
 114
 425
 548
 692
 4
 139
 734
 227
 73
 572
 66
 824
 915
 42
 145
 184
 933
 777
 86
 103
 374
 857
 360
 993
 929
 325
 230
 190
 60
 973
 554
 901
 919
 610
 418
 949
 100
 120
 194
 681
 294
 735
 883
 278
 769
 410
 431
 140
 567
 539
 441
 212
 316
 881
 900
 872
 760
 892
 988
 163
 148
 710
 315
 79
 979
 967
 469
 644
 802
 354
 68
 203
 581
 580
 888
 346
 807
 369
 288
 443
 256
 340
 117
 668
 708
 263
 834
 382
 396
 183
 192
 348
 716
 271
 63
 30
 429
 569
 214
 660
 600
 553
 433
 47
 438
 257
 646
 57
 371
 960
 476
 551
 759
 678
 465
 334
 558
 584
 540
 711
 151
 957
 84
 287
 215
 648
 96
 798
 602
 904
 241
 730
 150
 254
 894
 459
 411
 994
 343
 223
 725
 138
 856
 797
 546
 387
 673
 564
 379
 197
 705
 713
 611
 164
 898
 390
 337
 638
 196
 666
 413
 790
 383
 788
 409
 739
 948
 884
 625
 763
 113
 726
 756
 98
 41
 536
 650
 250
 811
 930
 462
 899
 800
 45
 381
 776
 632
 177
 1000
 426
 50
 504
 49
 812
 965
 982
 213
 477
 154
 576
 640
 436
 88
 791
 647
 701
 236
 882
 749
 481
 270
 27
 631
 970
 803
 495
 175
 106
 455
 562
 744
 859
 772
 332
 55
 534
 133
 131
 377
 947
 852
 727
 978
 953
 159
 641
 520
 83
 653
 432
 995
 986
 48
 166
 784
 39
 20
 386
 975
 135
 943
 612
 984
 407
 89
 566
 72
 728
 879
 545
 274
 917
 324
 885
 167
 229
 451
 378
 304
 758
 198
 905
 689
 335
 830
 206
 356
 232
 864
 496
 645
 109
 248
 909
 302
 669
 952
 642
 840
 593
 283
 500
 687
 467
 914
 657
 925
 64
 833
 180
 932
 597
